000 S 000000000000000000000000000000000000000000000000000000
000 1  1  1  1  1  1  1 000 1  1  1  1  1  1  1  1 000 1 000
000 1 000000000 1 000 1 000000000 1 000 1 000 1 000000 1 000
000 1 000 1 000 1 000 1 000 1 000 1 000 1 000 1 000 1  1 000
000 1 000 1 000000000 1 000 1 000000000000 1 000 1 000 1 000
000 1 000 1 000 1  1  1  1  1 000 1  1  1  1  1  1 000 1 000
000 1 000 1 000 1 000 1 000 1 000000 1 000 1 000000000 1 000
000 1  1  1 000 1 000 1 000 1  1 000 1 000 1 000 1  1  1 000
000 1 000000000 1 000 1 000000000000000000000000000000 1 000
000 1  1  1 000 1 000 1  1  1  1  1  1  1  1  1  1 000 1 000
000 1 000000000000000000000 1 000 1 000000000000000000 1 000
000 1  1  1 000 1  1  1  1  1 000 1  1  1  1  1 000 1  1 000
000 1 000 1 000 1 000000000 1 000000000 1 000 1 000 1  1 000
000 1 000 1 000 1 000 1 000 1  1  1 000 1 000 1  1  1  1 000
000000000 1 000000000 1 000 1 000 1 000000000000000000 1 000
000 1  1  1  1  1 000 1  1  1 000 1  1  1 000 1  1  1  1 000
000 1 000000000000000 1 000 1 000 1 000000000000000 1 000000
000 1  1  1 000 1  1  1 000 1 000 1 000 1 000 1 000 1  1 000
000 1 000 1 000000000000 1 000000000 1 000 1 000000000 1 000
000000000000000000000000000000000000000000000000000000 G 000